时间段,OK组,NG组,良率
8:00-8:59,0,0,0
9:00-9:59,0,0,0
10:00-10:59,0,0,0
11:00-11:59,0,0,0
12:00-12:59,0,0,0
13:00-13:59,0,0,0
14:00-14:59,0,0,0
15:00-15:59,0,0,0
16:00-16:59,0,0,0
17:00-17:59,0,0,0
18:00-18:59,0,0,0
19:00-19:59,0,0,0
合计,0,0,0
20:00-20:59,24,2,92
21:00-21:59,78,4,95
22:00-22:59,39,0,100
23:00-23:59,0,0,0
0:00-0:59,80,0,100
1:00-1:59,189,3,98
2:00-2:59,202,1,100
3:00-3:59,123,1,99
4:00-4:59,127,1,99
5:00-5:59,24,0,100
6:00-6:59,13,8,62
7:00-7:59,1,1,50
合计,900,21,98
